A. Breadth First Search for 15-tile puzzle
	Easy start      : ?- bfs( state(1, 2, 3, 4, 5, 6, 7, 8, 9, 0, 11, 12, 13, 10, 14, 15), Solution).
	Solution = [state(1, 2, 3, 4, 5, 6, 7, 8, 9, 10, 11, 12, 13, 14, 15, 0), state(1, 2, 3, 4, 5, 6, 7, 8, 9, 10, 11, 12, 13, 14, 0, 15), 
		    state(1, 2, 3, 4, 5, 6, 7, 8, 9, 10, 11, 12, 13, 0, 14, 15), state(1, 2, 3, 4, 5, 6, 7, 8, 9, 0, 11, 12, 13, 10, 14, 15)] .
			
	Difficult start : ?- bfs( state(1, 2, 3, 4, 5, 6, 7, 8, 13, 0, 11, 12, 10, 9, 14, 15), Solution).
	Solution = [state(1, 2, 3, 4, 5, 6, 7, 8, 9, 10, 11, 12, 13, 14, 15, 0), state(1, 2, 3, 4, 5, 6, 7, 8, 9, 10, 11, 12, 13, 14, 0, 15), 
		   state(1, 2, 3, 4, 5, 6, 7, 8, 9, 10, 11, 12, 13, 0, 14, 15), state(1, 2, 3, 4, 5, 6, 7, 8, 9, 0, 11, 12, 13, 10, 14, 15), 
		   state(1, 2, 3, 4, 5, 6, 7, 8, 0, 9, 11, 12, 13, 10, 14, 15), state(1, 2, 3, 4, 5, 6, 7, 8, 13, 9, 11, 12, 0, 10, 14, 15), 
		   state(1, 2, 3, 4, 5, 6, 7, 8, 13, 9, 11, 12, 10, 0, 14, 15), state(1, 2, 3, 4, 5, 6, 7, 8, 13, 0, 11, 12, 10, 9, 14, 15)] .

B. A* with Manhatten Distance heuristic for 15-tile puzzle
	
	Easy start      : ?- astar( state(1, 2, 3, 4, 5, 6, 7, 8, 9, 0, 11, 12, 13, 10, 14, 15), Solution).
	Solution = [state(1, 2, 3, 4, 5, 6, 7, 8, 9, 10, 11, 12, 13, 14, 15, 0), state(1, 2, 3, 4, 5, 6, 7, 8, 9, 10, 11, 12, 13, 14, 0, 15), 
		   state(1, 2, 3, 4, 5, 6, 7, 8, 9, 10, 11, 12, 13, 0, 14, 15), state(1, 2, 3, 4, 5, 6, 7, 8, 9, 0, 11, 12, 13, 10, 14, 15)] 
	
	Difficult start : ?- astar( state(1, 2, 3, 4, 5, 6, 7, 8, 13, 0, 11, 12, 10, 9, 14, 15), Solution).
	Solution = [state(1, 2, 3, 4, 5, 6, 7, 8, 9, 10, 11, 12, 13, 14, 15, 0), state(1, 2, 3, 4, 5, 6, 7, 8, 9, 10, 11, 12, 13, 14, 0, 15), 
		   state(1, 2, 3, 4, 5, 6, 7, 8, 9, 10, 11, 12, 13, 0, 14, 15), state(1, 2, 3, 4, 5, 6, 7, 8, 9, 0, 11, 12, 13, 10, 14, 15), 
		   state(1, 2, 3, 4, 5, 6, 7, 8, 0, 9, 11, 12, 13, 10, 14, 15), state(1, 2, 3, 4, 5, 6, 7, 8, 13, 9, 11, 12, 0, 10, 14, 15), 
		   state(1, 2, 3, 4, 5, 6, 7, 8, 13, 9, 11, 12, 10, 0, 14, 15), state(1, 2, 3, 4, 5, 6, 7, 8, 13, 0, 11, 12, 10, 9, 14, 15)] 

C. Lisp with colored ball
	CL-USER 1 > (sit3 '())

	(GREEN WHITE WHITE RED GREEN GREEN BLACK RED) 